3,25,1,3992,1460,636,
3,25,10,3992,1094,476,
3,25,50,3992,518,224,
3,25,100,3992,296,128,
4,25,1,3992,1460,636,
4,25,10,3992,1094,476,
4,25,50,3992,518,224,
4,25,100,3992,296,128,
5,25,1,3992,1460,636,
5,25,10,3992,1094,476,
5,25,50,3992,518,224,
5,25,100,3992,351,156,
6,25,1,3992,1460,636,
6,25,10,3992,1094,476,
6,25,50,3992,518,224,
6,25,100,3992,296,128,
7,25,1,3992,1460,636,
7,25,10,3992,1094,476,
7,25,50,3992,518,224,
7,25,100,3992,296,128,
8,25,1,3992,1455,632,
8,25,10,3992,1094,476,
8,25,50,3992,518,224,
8,25,100,3992,370,160,
9,25,1,3992,1460,636,
9,25,10,3992,1094,476,
9,25,50,3992,518,224,
9,25,100,3992,296,128,
10,25,1,3992,1460,636,
10,25,10,3992,1098,480,
10,25,50,3992,518,224,
10,25,100,3992,296,128,
11,25,1,3992,1460,636,
11,25,10,3992,1094,476,
11,25,50,3992,518,224,
11,25,100,3992,296,128,
12,25,1,3992,1460,636,
12,25,10,3992,1094,476,
12,25,50,3992,518,224,
12,25,100,3992,296,128,
13,25,1,3992,1460,636,
13,25,10,3992,1094,476,
13,25,50,3992,518,224,
13,25,100,3992,296,128,
14,25,1,3992,1460,636,
14,25,10,3992,1094,476,
14,25,50,3992,518,224,
14,25,100,3992,296,128,
15,25,1,3992,1460,636,
15,25,10,3992,1094,476,
15,25,50,3992,573,252,
15,25,100,3992,296,128,
16,25,1,3992,1460,636,
16,25,10,3992,1095,476,
16,25,50,3992,518,224,
16,25,100,3992,296,128,
17,25,1,3992,1460,636,
17,25,10,3992,1094,476,
17,25,50,3992,518,224,
17,25,100,3992,296,128,
18,25,1,3992,1460,636,
18,25,10,3992,1094,476,
18,25,50,3992,518,224,
18,25,100,3992,347,156,
19,25,1,3992,1460,636,
19,25,10,3992,1094,476,
19,25,50,3992,518,224,
19,25,100,3992,296,128,
20,25,1,3992,1460,636,
20,25,10,3992,1094,476,
20,25,50,3992,518,224,
20,25,100,3992,296,128,
21,25,1,3992,1460,636,
21,25,10,3992,1094,476,
21,25,50,3992,518,224,
21,25,100,3992,296,128,
22,25,1,3992,1460,636,
22,25,10,3992,1094,476,
22,25,50,3992,518,224,
22,25,100,3992,296,128,
23,25,1,3992,1460,636,
23,25,10,3992,1094,476,
23,25,50,3992,518,224,
23,25,100,3992,296,128,
24,25,1,3992,1450,632,
24,25,10,3992,1137,504,
24,25,50,3992,518,224,
24,25,100,3992,370,160,
25,25,1,3992,1460,636,
25,25,10,3992,1094,476,
25,25,50,3992,518,224,
25,25,100,3992,296,128,
26,25,1,3992,1455,636,
26,25,10,3992,1094,476,
26,25,50,3992,518,224,
26,25,100,3992,296,128,
27,25,1,3992,1460,636,
27,25,10,3992,1094,476,
27,25,50,3992,518,224,
27,25,100,3992,296,128,
28,25,1,3992,1460,636,
28,25,10,3992,1094,476,
28,25,50,3992,518,224,
28,25,100,3992,370,160,
29,25,1,3992,1460,636,
29,25,10,3992,1098,476,
29,25,50,3992,518,224,
29,25,100,3992,296,128,
30,25,1,3992,1460,636,
30,25,10,3992,1094,476,
30,25,50,3992,518,224,
30,25,100,3992,296,128,
31,25,1,3992,1455,636,
31,25,10,3992,1094,476,
31,25,50,3992,518,224,
31,25,100,3992,296,128,
32,25,1,3992,1460,636,
32,25,10,3992,1094,476,
32,25,50,3992,518,224,
32,25,100,3992,296,128,
33,25,1,3992,1460,636,
33,25,10,3992,1094,476,
33,25,50,3992,518,224,
33,25,100,3992,296,128,
34,25,1,3992,1460,636,
34,25,10,3992,1094,476,
34,25,50,3992,518,224,
34,25,100,3992,296,128,
35,25,1,3992,1460,636,
35,25,10,3992,1094,476,
35,25,50,3992,518,224,
35,25,100,3992,296,128,
36,25,1,3992,1460,636,
36,25,10,3992,1094,476,
36,25,50,3992,518,224,
36,25,100,3992,370,160,
37,25,1,3992,1498,660,
37,25,10,3992,1094,476,
37,25,50,3992,585,256,
37,25,100,3992,296,128,
38,25,1,3992,1460,636,
38,25,10,3992,1094,476,
38,25,50,3992,575,252,
38,25,100,3992,296,128,
39,25,1,3992,1460,636,
39,25,10,3992,1094,476,
39,25,50,3992,518,224,
39,25,100,3992,359,156,
40,25,1,3992,1455,636,
40,25,10,3992,1094,476,
40,25,50,3992,518,224,
40,25,100,3992,296,128,
41,25,1,3992,1460,636,
41,25,10,3992,1094,476,
41,25,50,3992,585,256,
41,25,100,3992,296,128,
42,25,1,3992,1460,636,
42,25,10,3992,1094,476,
42,25,50,3992,518,224,
42,25,100,3992,296,128,
43,25,1,3992,1460,636,
43,25,10,3992,1094,476,
43,25,50,3992,518,224,
43,25,100,3992,296,128,
44,25,1,3992,1460,636,
44,25,10,3992,1094,476,
44,25,50,3992,518,224,
44,25,100,3992,296,128,
45,25,1,3992,1460,636,
45,25,10,3992,1094,476,
45,25,50,3992,518,224,
45,25,100,3992,370,160,
46,25,1,3992,1455,636,
46,25,10,3992,1094,476,
46,25,50,3992,518,224,
46,25,100,3992,296,128,
47,25,1,3992,1460,636,
47,25,10,3992,1094,476,
47,25,50,3992,518,224,
47,25,100,3992,296,128,
48,25,1,3992,1460,636,
48,25,10,3992,1094,476,
48,25,50,3992,518,224,
48,25,100,3992,296,128,
49,25,1,3992,1460,636,
49,25,10,3992,1094,476,
49,25,50,3992,518,224,
49,25,100,3992,296,128,
50,25,1,3992,1460,636,
50,25,10,3992,1094,476,
50,25,50,3992,518,224,
50,25,100,3992,296,128,
51,25,1,3992,1460,636,
51,25,10,3992,1094,476,
51,25,50,3992,518,224,
51,25,100,3992,296,128,
52,25,1,3992,1460,636,
52,25,10,3992,1094,476,
52,25,50,3992,573,252,
52,25,100,3992,296,128,
53,25,1,3992,1460,636,
53,25,10,3992,1094,476,
53,25,50,3992,518,224,
53,25,100,3992,296,128,
54,25,1,3992,1460,636,
54,25,10,3992,1094,476,
54,25,50,3992,518,224,
54,25,100,3992,296,128,
55,25,1,3992,1460,636,
55,25,10,3992,1094,476,
55,25,50,3992,518,224,
55,25,100,3992,296,128,
56,25,1,3992,1460,636,
56,25,10,3992,1094,476,
56,25,50,3992,518,224,
56,25,100,3992,296,128,
57,25,1,3992,1460,636,
57,25,10,3992,1094,476,
57,25,50,3992,518,224,
57,25,100,3992,296,128,
58,25,1,3992,1460,636,
58,25,10,3992,1094,476,
58,25,50,3992,518,224,
58,25,100,3992,296,128,
59,25,1,3992,1460,636,
59,25,10,3992,1094,476,
59,25,50,3992,518,224,
59,25,100,3992,296,128,
60,25,1,3992,1460,636,
60,25,10,3992,1094,476,
60,25,50,3992,518,224,
60,25,100,3992,296,128,
61,25,1,3992,1460,636,
61,25,10,3992,1094,476,
61,25,50,3992,518,224,
61,25,100,3992,296,128,
62,25,1,3992,1460,636,
62,25,10,3992,1094,476,
62,25,50,3992,576,252,
62,25,100,3992,296,128,
63,25,1,3992,1460,636,
63,25,10,3992,1094,476,
63,25,50,3992,518,224,
63,25,100,3992,296,128,
64,25,1,3992,1460,636,
64,25,10,3992,1094,476,
64,25,50,3992,518,224,
64,25,100,3992,296,128,
65,25,1,3992,1460,636,
65,25,10,3992,1094,476,
65,25,50,3992,580,252,
65,25,100,3992,296,128,
66,25,1,3992,1460,636,
66,25,10,3992,1094,476,
66,25,50,3992,518,224,
66,25,100,3992,354,156,
67,25,1,3992,1460,636,
67,25,10,3992,1094,476,
67,25,50,3992,518,224,
67,25,100,3992,296,128,
68,25,1,3992,1460,636,
68,25,10,3992,1094,476,
68,25,50,3992,518,224,
68,25,100,3992,296,128,
69,25,1,3992,1460,636,
69,25,10,3992,1094,476,
69,25,50,3992,518,224,
69,25,100,3992,296,128,
70,25,1,3992,1460,636,
70,25,10,3992,1094,476,
70,25,50,3992,518,224,
70,25,100,3992,296,128,
71,25,1,3992,1460,636,
71,25,10,3992,1094,476,
71,25,50,3992,518,224,
71,25,100,3992,348,156,
72,25,1,3992,1460,636,
72,25,10,3992,1094,476,
72,25,50,3992,518,224,
72,25,100,3992,296,128,
73,25,1,3992,1460,636,
73,25,10,3992,1094,476,
73,25,50,3992,518,224,
73,25,100,3992,296,128,
74,25,1,3992,1460,636,
74,25,10,3992,1094,476,
74,25,50,3992,518,224,
74,25,100,3992,296,128,
75,25,1,3992,1460,636,
75,25,10,3992,1094,476,
75,25,50,3992,518,224,
75,25,100,3992,296,128,
76,25,1,3992,1460,636,
76,25,10,3992,1094,476,
76,25,50,3992,518,224,
76,25,100,3992,296,128,
77,25,1,3992,1460,636,
77,25,10,3992,1094,476,
77,25,50,3992,518,224,
77,25,100,3992,296,128,
78,25,1,3992,1460,636,
78,25,10,3992,1094,476,
78,25,50,3992,518,224,
78,25,100,3992,296,128,
79,25,1,3992,1460,636,
79,25,10,3992,1094,476,
79,25,50,3992,518,224,
79,25,100,3992,296,128,
80,25,1,3992,1460,636,
80,25,10,3992,1094,476,
80,25,50,3992,518,224,
80,25,100,3992,296,128,
81,25,1,3992,1460,636,
81,25,10,3992,1094,476,
81,25,50,3992,518,224,
81,25,100,3992,296,128,
82,25,1,3992,1455,632,
82,25,10,3992,1092,476,
82,25,50,3992,518,224,
82,25,100,3992,296,128,
83,25,1,3992,1460,636,
83,25,10,3992,1094,476,
83,25,50,3992,518,224,
83,25,100,3992,296,128,
84,25,1,3992,1460,636,
84,25,10,3992,1094,476,
84,25,50,3992,518,224,
84,25,100,3992,296,128,
85,25,1,3992,1460,636,
85,25,10,3992,1094,476,
85,25,50,3992,518,224,
85,25,100,3992,296,128,
86,25,1,3992,1460,636,
86,25,10,3992,1094,476,
86,25,50,3992,518,224,
86,25,100,3992,296,128,
87,25,1,3992,1460,636,
87,25,10,3992,1094,476,
87,25,50,3992,518,224,
87,25,100,3992,296,128,
88,25,1,3992,1460,636,
88,25,10,3992,1094,476,
88,25,50,3992,518,224,
88,25,100,3992,296,128,
89,25,1,3992,1460,636,
89,25,10,3992,1094,476,
89,25,50,3992,518,224,
89,25,100,3992,296,128,
90,25,1,3992,1460,636,
90,25,10,3992,1094,476,
90,25,50,3992,518,224,
90,25,100,3992,296,128,
91,25,1,3992,1460,636,
91,25,10,3992,1094,476,
91,25,50,3992,518,224,
91,25,100,3992,370,160,
92,25,1,3992,1460,636,
92,25,10,3992,1094,476,
92,25,50,3992,518,224,
92,25,100,3992,370,160,
93,25,1,3992,1455,636,
93,25,10,3992,1094,476,
93,25,50,3992,518,224,
93,25,100,3992,296,128,
94,25,1,3992,1460,636,
94,25,10,3992,1094,476,
94,25,50,3992,518,224,
94,25,100,3992,296,128,
95,25,1,3992,1450,632,
95,25,10,3992,1094,476,
95,25,50,3992,518,224,
95,25,100,3992,296,128,
96,25,1,3992,1460,636,
96,25,10,3992,1094,476,
96,25,50,3992,518,224,
96,25,100,3992,296,128,
97,25,1,3992,1460,636,
97,25,10,3992,1094,476,
97,25,50,3992,518,224,
97,25,100,3992,296,128,
98,25,1,3992,1460,636,
98,25,10,3992,1094,476,
98,25,50,3992,518,224,
98,25,100,3992,296,128,
99,25,1,3992,1460,636,
99,25,10,3992,1094,476,
99,25,50,3992,518,224,
99,25,100,3992,296,128,
100,25,1,3992,1460,636,
100,25,10,3992,1094,476,
100,25,50,3992,518,224,
100,25,100,3992,296,128,
101,25,1,3992,1460,636,
101,25,10,3992,1094,476,
101,25,50,3992,518,224,
101,25,100,3992,296,128,
102,25,1,3992,1460,636,
102,25,10,3992,1094,476,
102,25,50,3992,518,224,
102,25,100,3992,296,128,
103,25,1,3992,1460,636,
103,25,10,3992,1094,476,
103,25,50,3992,518,224,
103,25,100,3992,296,128,
104,25,1,3992,1460,636,
104,25,10,3992,1094,476,
104,25,50,3992,568,252,
104,25,100,3992,296,128,
105,25,1,3992,1460,636,
105,25,10,3992,1095,476,
105,25,50,3992,518,224,
105,25,100,3992,296,128,
106,25,1,3992,1460,636,
106,25,10,3992,1094,476,
106,25,50,3992,518,224,
106,25,100,3992,357,156,
107,25,1,3992,1460,636,
107,25,10,3992,1094,476,
107,25,50,3992,518,224,
107,25,100,3992,296,128,
108,25,1,3992,1460,636,
108,25,10,3992,1094,476,
108,25,50,3992,518,224,
108,25,100,3992,296,128,
109,25,1,3992,1460,636,
109,25,10,3992,1094,476,
109,25,50,3992,518,224,
109,25,100,3992,296,128,
110,25,1,3992,1460,636,
110,25,10,3992,1094,476,
110,25,50,3992,571,252,
110,25,100,3992,296,128,
111,25,1,3992,1460,636,
111,25,10,3992,1094,476,
111,25,50,3992,518,224,
111,25,100,3992,296,128,
112,25,1,3992,1460,636,
112,25,10,3992,1094,476,
112,25,50,3992,518,224,
112,25,100,3992,296,128,
113,25,1,3992,1460,636,
113,25,10,3992,1093,476,
113,25,50,3992,518,224,
113,25,100,3992,296,128,
114,25,1,3992,1460,636,
114,25,10,3992,1094,476,
114,25,50,3992,578,252,
114,25,100,3992,296,128,
115,25,1,3992,1460,636,
115,25,10,3992,1094,476,
115,25,50,3992,518,224,
115,25,100,3992,370,160,
116,25,1,3992,1460,636,
116,25,10,3992,1094,476,
116,25,50,3992,518,224,
116,25,100,3992,361,160,
117,25,1,3992,1460,636,
117,25,10,3992,1094,476,
117,25,50,3992,518,224,
117,25,100,3992,296,128,
118,25,1,3992,1460,636,
118,25,10,3992,1094,476,
118,25,50,3992,518,224,
118,25,100,3992,296,128,
119,25,1,3992,1460,636,
119,25,10,3992,1094,476,
119,25,50,3992,518,224,
119,25,100,3992,296,128,
120,25,1,3992,1460,636,
120,25,10,3992,1094,476,
120,25,50,3992,570,252,
120,25,100,3992,296,128,
121,25,1,3992,1460,636,
121,25,10,3992,1094,476,
121,25,50,3992,518,224,
121,25,100,3992,367,160,
122,25,1,3992,1460,636,
122,25,10,3992,1094,476,
122,25,50,3992,579,252,
122,25,100,3992,296,128,
123,25,1,3992,1460,636,
123,25,10,3992,1094,476,
123,25,50,3992,518,224,
123,25,100,3992,296,128,
124,25,1,3992,1460,636,
124,25,10,3992,1137,500,
124,25,50,3992,518,224,
124,25,100,3992,370,160,
125,25,1,3992,1460,636,
125,25,10,3992,1094,476,
125,25,50,3992,578,252,
125,25,100,3992,296,128,
126,25,1,3992,1460,636,
126,25,10,3992,1094,476,
126,25,50,3992,518,224,
126,25,100,3992,296,128,
127,25,1,3992,1460,636,
127,25,10,3992,1094,476,
127,25,50,3992,518,224,
127,25,100,3992,296,128,
128,25,1,3992,1460,636,
128,25,10,3992,1094,476,
128,25,50,3992,518,224,
128,25,100,3992,296,128,
129,25,1,3992,1460,636,
129,25,10,3992,1094,476,
129,25,50,3992,518,224,
129,25,100,3992,296,128,
130,25,1,3992,1460,636,
130,25,10,3992,1094,476,
130,25,50,3992,518,224,
130,25,100,3992,296,128,
131,25,1,3992,1460,636,
131,25,10,3992,1094,476,
131,25,50,3992,518,224,
131,25,100,3992,296,128,
132,25,1,3992,1460,636,
132,25,10,3992,1098,480,
132,25,50,3992,518,224,
132,25,100,3992,363,160,
133,25,1,3992,1460,636,
133,25,10,3992,1092,476,
133,25,50,3992,518,224,
133,25,100,3992,356,156,
134,25,1,3992,1455,636,
134,25,10,3992,1094,476,
134,25,50,3992,518,224,
134,25,100,3992,296,128,
135,25,1,3992,1460,636,
135,25,10,3992,1094,476,
135,25,50,3992,518,224,
135,25,100,3992,296,128,
136,25,1,3992,1460,636,
136,25,10,3992,1094,476,
136,25,50,3992,518,224,
136,25,100,3992,296,128,
137,25,1,3992,1460,636,
137,25,10,3992,1094,476,
137,25,50,3992,518,224,
137,25,100,3992,296,128,
138,25,1,3992,1455,632,
138,25,10,3992,1094,476,
138,25,50,3992,518,224,
138,25,100,3992,296,128,
139,25,1,3992,1460,636,
139,25,10,3992,1094,476,
139,25,50,3992,518,224,
139,25,100,3992,296,128,
140,25,1,3992,1460,636,
140,25,10,3992,1088,476,
140,25,50,3992,518,224,
140,25,100,3992,296,128,
141,25,1,3992,1460,636,
141,25,10,3992,1094,476,
141,25,50,3992,518,224,
141,25,100,3992,296,128,
142,25,1,3992,1460,636,
142,25,10,3992,1094,476,
142,25,50,3992,518,224,
142,25,100,3992,346,152,
143,25,1,3992,1455,636,
143,25,10,3992,1094,476,
143,25,50,3992,518,224,
143,25,100,3992,296,128,
144,25,1,3992,1460,636,
144,25,10,3992,1094,476,
144,25,50,3992,518,224,
144,25,100,3992,296,128,
145,25,1,3992,1455,632,
145,25,10,3992,1094,476,
145,25,50,3992,518,224,
145,25,100,3992,296,128,
146,25,1,3992,1460,636,
146,25,10,3992,1088,476,
146,25,50,3992,518,224,
146,25,100,3992,296,128,
147,25,1,3992,1460,636,
147,25,10,3992,1094,476,
147,25,50,3992,518,224,
147,25,100,3992,296,128,
148,25,1,3992,1460,636,
148,25,10,3992,1094,476,
148,25,50,3992,518,224,
148,25,100,3992,296,128,
149,25,1,3992,1460,636,
149,25,10,3992,1093,476,
149,25,50,3992,518,224,
149,25,100,3992,296,128,
150,25,1,3992,1460,636,
150,25,10,3992,1098,476,
150,25,50,3992,518,224,
150,25,100,3992,296,128,
151,25,1,3992,1460,636,
151,25,10,3992,1092,476,
151,25,50,3992,518,224,
151,25,100,3992,296,128,
152,25,1,3992,1460,636,
152,25,10,3992,1090,476,
152,25,50,3992,518,224,
152,25,100,3992,296,128,
153,25,1,3992,1460,636,
153,25,10,3992,1094,476,
153,25,50,3992,518,224,
153,25,100,3992,296,128,
154,25,1,3992,1460,636,
154,25,10,3992,1098,476,
154,25,50,3992,518,224,
154,25,100,3992,296,128,
155,25,1,3992,1460,636,
155,25,10,3992,1095,476,
155,25,50,3992,518,224,
155,25,100,3992,296,128,
156,25,1,3992,1455,636,
156,25,10,3992,1094,476,
156,25,50,3992,518,224,
156,25,100,3992,296,128,
157,25,1,3992,1460,636,
157,25,10,3992,1094,476,
157,25,50,3992,518,224,
157,25,100,3992,296,128,
158,25,1,3992,1460,636,
158,25,10,3992,1094,476,
158,25,50,3992,518,224,
158,25,100,3992,296,128,
159,25,1,3992,1460,636,
159,25,10,3992,1094,476,
159,25,50,3992,518,224,
159,25,100,3992,296,128,
160,25,1,3992,1460,636,
160,25,10,3992,1094,476,
160,25,50,3992,518,224,
160,25,100,3992,296,128,
161,25,1,3992,1460,636,
161,25,10,3992,1094,476,
161,25,50,3992,518,224,
161,25,100,3992,296,128,
162,25,1,3992,1460,636,
162,25,10,3992,1094,476,
162,25,50,3992,518,224,
162,25,100,3992,296,128,
163,25,1,3992,1460,636,
163,25,10,3992,1098,476,
163,25,50,3992,518,224,
163,25,100,3992,296,128,
164,25,1,3992,1460,636,
164,25,10,3992,1094,476,
164,25,50,3992,518,224,
164,25,100,3992,296,128,
165,25,1,3992,1460,636,
165,25,10,3992,1094,476,
165,25,50,3992,518,224,
165,25,100,3992,370,160,
166,25,1,3992,1460,636,
166,25,10,3992,1094,476,
166,25,50,3992,518,224,
166,25,100,3992,363,160,
167,25,1,3992,1460,636,
167,25,10,3992,1094,476,
167,25,50,3992,518,224,
167,25,100,3992,296,128,
168,25,1,3992,1460,636,
168,25,10,3992,1094,476,
168,25,50,3992,518,224,
168,25,100,3992,296,128,
169,25,1,3992,1460,636,
169,25,10,3992,1094,476,
169,25,50,3992,518,224,
169,25,100,3992,296,128,
170,25,1,3992,1460,636,
170,25,10,3992,1094,476,
170,25,50,3992,518,224,
170,25,100,3992,296,128,
171,25,1,3992,1460,636,
171,25,10,3992,1098,476,
171,25,50,3992,518,224,
171,25,100,3992,296,128,
172,25,1,3992,1460,636,
172,25,10,3992,1094,476,
172,25,50,3992,518,224,
172,25,100,3992,296,128,
173,25,1,3992,1460,636,
173,25,10,3992,1094,476,
173,25,50,3992,518,224,
173,25,100,3992,296,128,
174,25,1,3992,1460,636,
174,25,10,3992,1094,476,
174,25,50,3992,518,224,
174,25,100,3992,296,128,
175,25,1,3992,1460,636,
175,25,10,3992,1098,476,
175,25,50,3992,518,224,
175,25,100,3992,296,128,
176,25,1,3992,1460,636,
176,25,10,3992,1094,476,
176,25,50,3992,518,224,
176,25,100,3992,296,128,
177,25,1,3992,1460,636,
177,25,10,3992,1094,476,
177,25,50,3992,518,224,
177,25,100,3992,296,128,
178,25,1,3992,1460,636,
178,25,10,3992,1094,476,
178,25,50,3992,518,224,
178,25,100,3992,296,128,
179,25,1,3992,1460,636,
179,25,10,3992,1094,476,
179,25,50,3992,518,224,
179,25,100,3992,296,128,
180,25,1,3992,1460,636,
180,25,10,3992,1095,476,
180,25,50,3992,518,224,
180,25,100,3992,296,128,
181,25,1,3992,1460,636,
181,25,10,3992,1094,476,
181,25,50,3992,518,224,
181,25,100,3992,296,128,
182,25,1,3992,1460,636,
182,25,10,3992,1091,476,
182,25,50,3992,518,224,
182,25,100,3992,296,128,
183,25,1,3992,1460,636,
183,25,10,3992,1094,476,
183,25,50,3992,518,224,
183,25,100,3992,296,128,
184,25,1,3992,1460,636,
184,25,10,3992,1094,476,
184,25,50,3992,518,224,
184,25,100,3992,296,128,
185,25,1,3992,1460,636,
185,25,10,3992,1094,476,
185,25,50,3992,518,224,
185,25,100,3992,296,128,
186,25,1,3992,1460,636,
186,25,10,3992,1094,476,
186,25,50,3992,518,224,
186,25,100,3992,408,184,
187,25,1,3992,1455,636,
187,25,10,3992,1094,476,
187,25,50,3992,518,224,
187,25,100,3992,296,128,
188,25,1,3992,1460,636,
188,25,10,3992,1094,476,
188,25,50,3992,518,224,
188,25,100,3992,296,128,
189,25,1,3992,1460,636,
189,25,10,3992,1094,476,
189,25,50,3992,518,224,
189,25,100,3992,296,128,
190,25,1,3992,1460,636,
190,25,10,3992,1094,476,
190,25,50,3992,518,224,
190,25,100,3992,296,128,
191,25,1,3992,1460,636,
191,25,10,3992,1094,476,
191,25,50,3992,518,224,
191,25,100,3992,296,128,
192,25,1,3992,1455,632,
192,25,10,3992,1094,476,
192,25,50,3992,518,224,
192,25,100,3992,296,128,
193,25,1,3992,1460,636,
193,25,10,3992,1094,476,
193,25,50,3992,518,224,
193,25,100,3992,296,128,
194,25,1,3992,1460,636,
194,25,10,3992,1094,476,
194,25,50,3992,518,224,
194,25,100,3992,296,128,
195,25,1,3992,1460,636,
195,25,10,3992,1098,476,
195,25,50,3992,518,224,
195,25,100,3992,296,128,
196,25,1,3992,1455,636,
196,25,10,3992,1094,476,
196,25,50,3992,518,224,
196,25,100,3992,362,160,
197,25,1,3992,1460,636,
197,25,10,3992,1094,476,
197,25,50,3992,518,224,
197,25,100,3992,296,128,
198,25,1,3992,1460,636,
198,25,10,3992,1094,476,
198,25,50,3992,518,224,
198,25,100,3992,296,128,
199,25,1,3992,1455,632,
199,25,10,3992,1094,476,
199,25,50,3992,582,252,
199,25,100,3992,296,128,
200,25,1,3992,1460,636,
200,25,10,3992,1094,476,
200,25,50,3992,518,224,
200,25,100,3992,296,128,
201,25,1,3992,1460,636,
201,25,10,3992,1094,476,
201,25,50,3992,518,224,
201,25,100,3992,296,128,
202,25,1,3992,1460,636,
202,25,10,3992,1094,476,
202,25,50,3992,568,252,
202,25,100,3992,296,128,
203,25,1,3992,1460,636,
203,25,10,3992,1094,476,
203,25,50,3992,580,252,
203,25,100,3992,296,128,
204,25,1,3992,1460,636,
204,25,10,3992,1094,476,
204,25,50,3992,518,224,
204,25,100,3992,296,128,
205,25,1,3992,1455,636,
205,25,10,3992,1094,476,
205,25,50,3992,518,224,
205,25,100,3992,296,128,
206,25,1,3992,1460,636,
206,25,10,3992,1094,476,
206,25,50,3992,518,224,
206,25,100,3992,296,128,
207,25,1,3992,1406,608,
207,25,10,3992,1094,476,
207,25,50,3992,518,224,
207,25,100,3992,296,128,
208,25,1,3992,1460,636,
208,25,10,3992,1094,476,
208,25,50,3992,518,224,
208,25,100,3992,346,152,
209,25,1,3992,1460,636,
209,25,10,3992,1094,476,
209,25,50,3992,518,224,
209,25,100,3992,296,128,
210,25,1,3992,1460,636,
210,25,10,3992,1094,476,
210,25,50,3992,518,224,
210,25,100,3992,296,128,
211,25,1,3992,1455,636,
211,25,10,3992,1094,476,
211,25,50,3992,518,224,
211,25,100,3992,296,128,
212,25,1,3992,1455,636,
212,25,10,3992,1089,476,
212,25,50,3992,518,224,
212,25,100,3992,296,128,
213,25,1,3992,1460,636,
213,25,10,3992,1094,476,
213,25,50,3992,518,224,
213,25,100,3992,296,128,
214,25,1,3992,1460,636,
214,25,10,3992,1094,476,
214,25,50,3992,569,252,
214,25,100,3992,296,128,
215,25,1,3992,1460,636,
215,25,10,3992,1094,476,
215,25,50,3992,518,224,
215,25,100,3992,296,128,
216,25,1,3992,1460,636,
216,25,10,3992,1094,476,
216,25,50,3992,518,224,
216,25,100,3992,296,128,
217,25,1,3992,1455,636,
217,25,10,3992,1094,476,
217,25,50,3992,573,252,
217,25,100,3992,296,128,
218,25,1,3992,1460,636,
218,25,10,3992,1094,476,
218,25,50,3992,518,224,
218,25,100,3992,296,128,
219,25,1,3992,1455,636,
219,25,10,3992,1094,476,
219,25,50,3992,518,224,
219,25,100,3992,355,156,
220,25,1,3992,1460,636,
220,25,10,3992,1094,476,
220,25,50,3992,518,224,
220,25,100,3992,296,128,
221,25,1,3992,1460,636,
221,25,10,3992,1094,476,
221,25,50,3992,518,224,
221,25,100,3992,370,160,
222,25,1,3992,1455,636,
222,25,10,3992,1094,476,
222,25,50,3992,518,224,
222,25,100,3992,296,128,
223,25,1,3992,1455,636,
223,25,10,3992,1094,476,
223,25,50,3992,583,256,
223,25,100,3992,296,128,
224,25,1,3992,1460,636,
224,25,10,3992,1094,476,
224,25,50,3992,518,224,
224,25,100,3992,296,128,
225,25,1,3992,1460,636,
225,25,10,3992,1094,476,
225,25,50,3992,518,224,
225,25,100,3992,296,128,
226,25,1,3992,1455,636,
226,25,10,3992,1094,476,
226,25,50,3992,518,224,
226,25,100,3992,296,128,
227,25,1,3992,1460,636,
227,25,10,3992,1094,476,
227,25,50,3992,518,224,
227,25,100,3992,296,128,
228,25,1,3992,1460,636,
228,25,10,3992,1094,476,
228,25,50,3992,518,224,
228,25,100,3992,296,128,
229,25,1,3992,1460,636,
229,25,10,3992,1094,476,
229,25,50,3992,518,224,
229,25,100,3992,296,128,
230,25,1,3992,1460,636,
230,25,10,3992,1094,476,
230,25,50,3992,518,224,
230,25,100,3992,296,128,
231,25,1,3992,1460,636,
231,25,10,3992,1094,476,
231,25,50,3992,518,224,
231,25,100,3992,296,128,
232,25,1,3992,1460,636,
232,25,10,3992,1088,476,
232,25,50,3992,576,252,
232,25,100,3992,296,128,
233,25,1,3992,1460,636,
233,25,10,3992,1094,476,
233,25,50,3992,518,224,
233,25,100,3992,296,128,
234,25,1,3992,1460,636,
234,25,10,3992,1094,476,
234,25,50,3992,518,224,
234,25,100,3992,296,128,
235,25,1,3992,1460,636,
235,25,10,3992,1094,476,
235,25,50,3992,518,224,
235,25,100,3992,296,128,
236,25,1,3992,1455,632,
236,25,10,3992,1094,476,
236,25,50,3992,518,224,
236,25,100,3992,296,128,
237,25,1,3992,1455,636,
237,25,10,3992,1094,476,
237,25,50,3992,518,224,
237,25,100,3992,296,128,
238,25,1,3992,1460,636,
238,25,10,3992,1094,476,
238,25,50,3992,518,224,
238,25,100,3992,296,128,
239,25,1,3992,1460,636,
239,25,10,3992,1098,480,
239,25,50,3992,518,224,
239,25,100,3992,296,128,
240,25,1,3992,1460,636,
240,25,10,3992,1094,476,
240,25,50,3992,518,224,
240,25,100,3992,370,160,
241,25,1,3992,1460,636,
241,25,10,3992,1094,476,
241,25,50,3992,518,224,
241,25,100,3992,296,128,
242,25,1,3992,1460,636,
242,25,10,3992,1094,476,
242,25,50,3992,582,252,
242,25,100,3992,296,128,
243,25,1,3992,1460,636,
243,25,10,3992,1094,476,
243,25,50,3992,518,224,
243,25,100,3992,296,128,
244,25,1,3992,1460,636,
244,25,10,3992,1094,476,
244,25,50,3992,518,224,
244,25,100,3992,296,128,
245,25,1,3992,1460,636,
245,25,10,3992,1094,476,
245,25,50,3992,518,224,
245,25,100,3992,296,128,
246,25,1,3992,1460,636,
246,25,10,3992,1094,476,
246,25,50,3992,518,224,
246,25,100,3992,296,128,
247,25,1,3992,1460,636,
247,25,10,3992,1094,476,
247,25,50,3992,580,252,
247,25,100,3992,296,128,
248,25,1,3992,1460,636,
248,25,10,3992,1094,476,
248,25,50,3992,518,224,
248,25,100,3992,296,128,
249,25,1,3992,1460,636,
249,25,10,3992,1094,476,
249,25,50,3992,518,224,
249,25,100,3992,296,128,
250,25,1,3992,1460,636,
250,25,10,3992,1094,476,
250,25,50,3992,518,224,
250,25,100,3992,296,128,
251,25,1,3992,1460,636,
251,25,10,3992,1094,476,
251,25,50,3992,518,224,
251,25,100,3992,296,128,
252,25,1,3992,1460,636,
252,25,10,3992,1094,476,
252,25,50,3992,581,252,
252,25,100,3992,357,156,
253,25,1,3992,1460,636,
253,25,10,3992,1137,500,
253,25,50,3992,518,224,
253,25,100,3992,296,128,
254,25,1,3992,1460,636,
254,25,10,3992,1094,476,
254,25,50,3992,518,224,
254,25,100,3992,296,128,
255,25,1,3992,1460,636,
255,25,10,3992,1137,500,
255,25,50,3992,518,224,
255,25,100,3992,296,128,
256,25,1,3992,1460,636,
256,25,10,3992,1094,476,
256,25,50,3992,518,224,
256,25,100,3992,296,128,
257,25,1,3992,1455,636,
257,25,10,3992,1094,476,
257,25,50,3992,518,224,
257,25,100,3992,296,128,
258,25,1,3992,1460,636,
258,25,10,3992,1094,476,
258,25,50,3992,518,224,
258,25,100,3992,296,128,
259,25,1,3992,1460,636,
259,25,10,3992,1094,476,
259,25,50,3992,583,256,
259,25,100,3992,296,128,
260,25,1,3992,1460,636,
260,25,10,3992,1094,476,
260,25,50,3992,518,224,
260,25,100,3992,296,128,
261,25,1,3992,1460,636,
261,25,10,3992,1090,476,
261,25,50,3992,518,224,
261,25,100,3992,296,128,
262,25,1,3992,1460,636,
262,25,10,3992,1094,476,
262,25,50,3992,518,224,
262,25,100,3992,296,128,
263,25,1,3992,1460,636,
263,25,10,3992,1094,476,
263,25,50,3992,518,224,
263,25,100,3992,296,128,
264,25,1,3992,1460,636,
264,25,10,3992,1094,476,
264,25,50,3992,518,224,
264,25,100,3992,296,128,
265,25,1,3992,1460,636,
265,25,10,3992,1094,476,
265,25,50,3992,518,224,
265,25,100,3992,296,128,
266,25,1,3992,1460,636,
266,25,10,3992,1094,476,
266,25,50,3992,518,224,
266,25,100,3992,349,156,
267,25,1,3992,1460,636,
267,25,10,3992,1093,476,
267,25,50,3992,518,224,
267,25,100,3992,296,128,
268,25,1,3992,1460,636,
268,25,10,3992,1094,476,
268,25,50,3992,518,224,
268,25,100,3992,296,128,
269,25,1,3992,1460,636,
269,25,10,3992,1094,476,
269,25,50,3992,518,224,
269,25,100,3992,296,128,
270,25,1,3992,1460,636,
270,25,10,3992,1094,476,
270,25,50,3992,518,224,
270,25,100,3992,296,128,
271,25,1,3992,1460,636,
271,25,10,3992,1094,476,
271,25,50,3992,518,224,
271,25,100,3992,296,128,
272,25,1,3992,1460,636,
272,25,10,3992,1094,476,
272,25,50,3992,518,224,
272,25,100,3992,296,128,
273,25,1,3992,1460,636,
273,25,10,3992,1094,476,
273,25,50,3992,518,224,
273,25,100,3992,296,128,
274,25,1,3992,1460,636,
274,25,10,3992,1094,476,
274,25,50,3992,518,224,
274,25,100,3992,296,128,
275,25,1,3992,1460,636,
275,25,10,3992,1094,476,
275,25,50,3992,518,224,
275,25,100,3992,296,128,
276,25,1,3992,1460,636,
276,25,10,3992,1094,476,
276,25,50,3992,518,224,
276,25,100,3992,296,128,
277,25,1,3992,1460,636,
277,25,10,3992,1094,476,
277,25,50,3992,518,224,
277,25,100,3992,296,128,
278,25,1,3992,1460,636,
278,25,10,3992,1094,476,
278,25,50,3992,518,224,
278,25,100,3992,296,128,
279,25,1,3992,1460,636,
279,25,10,3992,1094,476,
279,25,50,3992,518,224,
279,25,100,3992,296,128,
280,25,1,3992,1455,636,
280,25,10,3992,1094,476,
280,25,50,3992,518,224,
280,25,100,3992,296,128,
281,25,1,3992,1460,636,
281,25,10,3992,1094,476,
281,25,50,3992,518,224,
281,25,100,3992,296,128,
282,25,1,3992,1460,636,
282,25,10,3992,1094,476,
282,25,50,3992,518,224,
282,25,100,3992,296,128,
283,25,1,3992,1460,636,
283,25,10,3992,1094,476,
283,25,50,3992,518,224,
283,25,100,3992,296,128,
284,25,1,3992,1460,636,
284,25,10,3992,1094,476,
284,25,50,3992,518,224,
284,25,100,3992,296,128,
285,25,1,3992,1460,636,
285,25,10,3992,1094,476,
285,25,50,3992,518,224,
285,25,100,3992,296,128,
286,25,1,3992,1406,608,
286,25,10,3992,1094,476,
286,25,50,3992,518,224,
286,25,100,3992,296,128,
287,25,1,3992,1455,636,
287,25,10,3992,1094,476,
287,25,50,3992,518,224,
287,25,100,3992,296,128,
288,25,1,3992,1460,636,
288,25,10,3992,1087,476,
288,25,50,3992,518,224,
288,25,100,3992,296,128,
289,25,1,3992,1460,636,
289,25,10,3992,1094,476,
289,25,50,3992,518,224,
289,25,100,3992,296,128,
290,25,1,3992,1460,636,
290,25,10,3992,1094,476,
290,25,50,3992,585,256,
290,25,100,3992,296,128,
291,25,1,3992,1460,636,
291,25,10,3992,1094,476,
291,25,50,3992,518,224,
291,25,100,3992,296,128,
292,25,1,3992,1460,636,
292,25,10,3992,1094,476,
292,25,50,3992,518,224,
292,25,100,3992,296,128,
293,25,1,3992,1460,636,
293,25,10,3992,1094,476,
293,25,50,3992,518,224,
293,25,100,3992,296,128,
294,25,1,3992,1460,636,
294,25,10,3992,1094,476,
294,25,50,3992,518,224,
294,25,100,3992,296,128,
295,25,1,3992,1460,636,
295,25,10,3992,1094,476,
295,25,50,3992,518,224,
295,25,100,3992,296,128,
296,25,1,3992,1460,636,
296,25,10,3992,1094,476,
296,25,50,3992,518,224,
296,25,100,3992,296,128,
297,25,1,3992,1460,636,
297,25,10,3992,1094,476,
297,25,50,3992,518,224,
297,25,100,3992,296,128,
298,25,1,3992,1460,636,
298,25,10,3992,1098,480,
298,25,50,3992,518,224,
298,25,100,3992,296,128,
299,25,1,3992,1460,636,
299,25,10,3992,1094,476,
299,25,50,3992,518,224,
299,25,100,3992,296,128,
300,25,1,3992,1460,636,
300,25,10,3992,1094,476,
300,25,50,3992,518,224,
300,25,100,3992,296,128,
301,25,1,3992,1460,636,
301,25,10,3992,1094,476,
301,25,50,3992,568,252,
301,25,100,3992,296,128,
302,25,1,3992,1460,636,
302,25,10,3992,1098,480,
302,25,50,3992,518,224,
302,25,100,3992,296,128,
303,25,1,3992,1455,636,
303,25,10,3992,1094,476,
303,25,50,3992,518,224,
303,25,100,3992,296,128,
304,25,1,3992,1460,636,
304,25,10,3992,1094,476,
304,25,50,3992,518,224,
304,25,100,3992,296,128,
305,25,1,3992,1460,636,
305,25,10,3992,1093,476,
305,25,50,3992,518,224,
305,25,100,3992,296,128,
306,25,1,3992,1460,636,
306,25,10,3992,1094,476,
306,25,50,3992,518,224,
306,25,100,3992,296,128,
307,25,1,3992,1460,636,
307,25,10,3992,1094,476,
307,25,50,3992,518,224,
307,25,100,3992,296,128,
308,25,1,3992,1460,636,
308,25,10,3992,1094,476,
308,25,50,3992,518,224,
308,25,100,3992,296,128,
309,25,1,3992,1460,636,
309,25,10,3992,1094,476,
309,25,50,3992,518,224,
309,25,100,3992,296,128,
310,25,1,3992,1455,636,
310,25,10,3992,1094,476,
310,25,50,3992,518,224,
310,25,100,3992,296,128,
311,25,1,3992,1460,636,
311,25,10,3992,1094,476,
311,25,50,3992,518,224,
311,25,100,3992,296,128,
312,25,1,3992,1455,636,
312,25,10,3992,1094,476,
312,25,50,3992,518,224,
312,25,100,3992,296,128,
313,25,1,3992,1460,636,
313,25,10,3992,1094,476,
313,25,50,3992,518,224,
313,25,100,3992,296,128,
314,25,1,3992,1460,636,
314,25,10,3992,1094,476,
314,25,50,3992,518,224,
314,25,100,3992,296,128,
315,25,1,3992,1460,636,
315,25,10,3992,1094,476,
315,25,50,3992,518,224,
315,25,100,3992,296,128,
316,25,1,3992,1460,636,
316,25,10,3992,1094,476,
316,25,50,3992,518,224,
316,25,100,3992,296,128,
317,25,1,3992,1460,636,
317,25,10,3992,1094,476,
317,25,50,3992,518,224,
317,25,100,3992,296,128,
318,25,1,3992,1460,636,
318,25,10,3992,1094,476,
318,25,50,3992,576,252,
318,25,100,3992,296,128,
319,25,1,3992,1460,636,
319,25,10,3992,1094,476,
319,25,50,3992,518,224,
319,25,100,3992,296,128,
320,25,1,3992,1460,636,
320,25,10,3992,1094,476,
320,25,50,3992,518,224,
320,25,100,3992,296,128,
321,25,1,3992,1460,636,
321,25,10,3992,1094,476,
321,25,50,3992,518,224,
321,25,100,3992,296,128,
322,25,1,3992,1460,636,
322,25,10,3992,1094,476,
322,25,50,3992,518,224,
322,25,100,3992,296,128,
323,25,1,3992,1455,636,
323,25,10,3992,1094,476,
323,25,50,3992,518,224,
323,25,100,3992,296,128,
324,25,1,3992,1460,636,
324,25,10,3992,1094,476,
324,25,50,3992,518,224,
324,25,100,3992,296,128,
325,25,1,3992,1460,636,
325,25,10,3992,1094,476,
325,25,50,3992,518,224,
325,25,100,3992,296,128,
326,25,1,3992,1455,632,
326,25,10,3992,1094,476,
326,25,50,3992,518,224,
326,25,100,3992,296,128,
327,25,1,3992,1460,636,
327,25,10,3992,1094,476,
327,25,50,3992,518,224,
327,25,100,3992,296,128,
328,25,1,3992,1460,636,
328,25,10,3992,1094,476,
328,25,50,3992,518,224,
328,25,100,3992,296,128,
329,25,1,3992,1460,636,
329,25,10,3992,1094,476,
329,25,50,3992,518,224,
329,25,100,3992,296,128,
330,25,1,3992,1460,636,
330,25,10,3992,1094,476,
330,25,50,3992,576,252,
330,25,100,3992,296,128,
331,25,1,3992,1460,636,
331,25,10,3992,1095,476,
331,25,50,3992,518,224,
331,25,100,3992,296,128,
332,25,1,3992,1460,636,
332,25,10,3992,1094,476,
332,25,50,3992,518,224,
332,25,100,3992,296,128,
333,25,1,3992,1460,636,
333,25,10,3992,1094,476,
333,25,50,3992,518,224,
333,25,100,3992,296,128,
334,25,1,3992,1460,636,
334,25,10,3992,1094,476,
334,25,50,3992,518,224,
334,25,100,3992,296,128,
335,25,1,3992,1460,636,
335,25,10,3992,1094,476,
335,25,50,3992,518,224,
335,25,100,3992,354,156,
336,25,1,3992,1460,636,
336,25,10,3992,1094,476,
336,25,50,3992,518,224,
336,25,100,3992,296,128,
337,25,1,3992,1460,636,
337,25,10,3992,1094,476,
337,25,50,3992,518,224,
337,25,100,3992,296,128,
338,25,1,3992,1460,636,
338,25,10,3992,1094,476,
338,25,50,3992,518,224,
338,25,100,3992,296,128,
339,25,1,3992,1460,636,
339,25,10,3992,1094,476,
339,25,50,3992,518,224,
339,25,100,3992,296,128,
340,25,1,3992,1460,636,
340,25,10,3992,1094,476,
340,25,50,3992,518,224,
340,25,100,3992,296,128,
341,25,1,3992,1460,636,
341,25,10,3992,1094,476,
341,25,50,3992,518,224,
341,25,100,3992,359,156,
342,25,1,3992,1460,636,
342,25,10,3992,1094,476,
342,25,50,3992,518,224,
342,25,100,3992,296,128,
343,25,1,3992,1455,636,
343,25,10,3992,1094,476,
343,25,50,3992,518,224,
343,25,100,3992,296,128,
344,25,1,3992,1460,636,
344,25,10,3992,1098,480,
344,25,50,3992,518,224,
344,25,100,3992,296,128,
345,25,1,3992,1460,636,
345,25,10,3992,1094,476,
345,25,50,3992,518,224,
345,25,100,3992,296,128,
346,25,1,3992,1460,636,
346,25,10,3992,1094,476,
346,25,50,3992,518,224,
346,25,100,3992,296,128,
347,25,1,3992,1460,636,
347,25,10,3992,1097,476,
347,25,50,3992,518,224,
347,25,100,3992,296,128,
348,25,1,3992,1460,636,
348,25,10,3992,1094,476,
348,25,50,3992,518,224,
348,25,100,3992,296,128,
349,25,1,3992,1460,636,
349,25,10,3992,1089,476,
349,25,50,3992,518,224,
349,25,100,3992,296,128,
350,25,1,3992,1460,636,
350,25,10,3992,1094,476,
350,25,50,3992,518,224,
350,25,100,3992,296,128,
351,25,1,3992,1460,636,
351,25,10,3992,1095,476,
351,25,50,3992,518,224,
351,25,100,3992,296,128,
352,25,1,3992,1406,608,
352,25,10,3992,1094,476,
352,25,50,3992,518,224,
352,25,100,3992,296,128,
353,25,1,3992,1460,636,
353,25,10,3992,1094,476,
353,25,50,3992,518,224,
353,25,100,3992,296,128,
354,25,1,3992,1460,636,
354,25,10,3992,1094,476,
354,25,50,3992,518,224,
354,25,100,3992,370,160,
355,25,1,3992,1455,632,
355,25,10,3992,1094,476,
355,25,50,3992,518,224,
355,25,100,3992,296,128,
356,25,1,3992,1460,636,
356,25,10,3992,1094,476,
356,25,50,3992,518,224,
356,25,100,3992,296,128,
357,25,1,3992,1460,636,
357,25,10,3992,1094,476,
357,25,50,3992,518,224,
357,25,100,3992,296,128,
358,25,1,3992,1460,636,
358,25,10,3992,1094,476,
358,25,50,3992,518,224,
358,25,100,3992,296,128,
359,25,1,3992,1460,636,
359,25,10,3992,1094,476,
359,25,50,3992,585,256,
359,25,100,3992,296,128,
360,25,1,3992,1460,636,
360,25,10,3992,1094,476,
360,25,50,3992,518,224,
360,25,100,3992,370,160,
361,25,1,3992,1460,636,
361,25,10,3992,1094,476,
361,25,50,3992,518,224,
361,25,100,3992,296,128,
362,25,1,3992,1460,636,
362,25,10,3992,1094,476,
362,25,50,3992,518,224,
362,25,100,3992,370,160,
363,25,1,3992,1455,636,
363,25,10,3992,1094,476,
363,25,50,3992,592,256,
363,25,100,3992,296,128,
364,25,1,3992,1460,636,
364,25,10,3992,1094,476,
364,25,50,3992,518,224,
364,25,100,3992,296,128,
365,25,1,3992,1460,636,
365,25,10,3992,1093,476,
365,25,50,3992,518,224,
365,25,100,3992,296,128,
366,25,1,3992,1455,636,
366,25,10,3992,1094,476,
366,25,50,3992,518,224,
366,25,100,3992,296,128,
367,25,1,3992,1460,636,
367,25,10,3992,1094,476,
367,25,50,3992,518,224,
367,25,100,3992,296,128,
368,25,1,3992,1460,636,
368,25,10,3992,1094,476,
368,25,50,3992,518,224,
368,25,100,3992,296,128,
369,25,1,3992,1460,636,
369,25,10,3992,1094,476,
369,25,50,3992,518,224,
369,25,100,3992,296,128,
370,25,1,3992,1460,636,
370,25,10,3992,1094,476,
370,25,50,3992,518,224,
370,25,100,3992,296,128,
371,25,1,3992,1460,636,
371,25,10,3992,1094,476,
371,25,50,3992,518,224,
371,25,100,3992,296,128,
372,25,1,3992,1455,632,
372,25,10,3992,1094,476,
372,25,50,3992,518,224,
372,25,100,3992,296,128,
373,25,1,3992,1460,636,
373,25,10,3992,1094,476,
373,25,50,3992,518,224,
373,25,100,3992,296,128,
374,25,1,3992,1460,636,
374,25,10,3992,1094,476,
374,25,50,3992,518,224,
374,25,100,3992,296,128,
375,25,1,3992,1460,636,
375,25,10,3992,1094,476,
375,25,50,3992,518,224,
375,25,100,3992,296,128,
376,25,1,3992,1460,636,
376,25,10,3992,1094,476,
376,25,50,3992,518,224,
376,25,100,3992,296,128,
377,25,1,3992,1455,636,
377,25,10,3992,1094,476,
377,25,50,3992,571,252,
377,25,100,3992,296,128,
378,25,1,3992,1460,636,
378,25,10,3992,1094,476,
378,25,50,3992,518,224,
378,25,100,3992,296,128,
379,25,1,3992,1460,636,
379,25,10,3992,1094,476,
379,25,50,3992,518,224,
379,25,100,3992,296,128,
380,25,1,3992,1460,636,
380,25,10,3992,1094,476,
380,25,50,3992,518,224,
380,25,100,3992,296,128,
381,25,1,3992,1460,636,
381,25,10,3992,1094,476,
381,25,50,3992,518,224,
381,25,100,3992,296,128,
382,25,1,3992,1460,636,
382,25,10,3992,1094,476,
382,25,50,3992,518,224,
382,25,100,3992,370,160,
383,25,1,3992,1460,636,
383,25,10,3992,1094,476,
383,25,50,3992,518,224,
383,25,100,3992,369,160,
384,25,1,3992,1455,636,
384,25,10,3992,1094,476,
384,25,50,3992,518,224,
384,25,100,3992,296,128,
385,25,1,3992,1460,636,
385,25,10,3992,1094,476,
385,25,50,3992,518,224,
385,25,100,3992,296,128,
386,25,1,3992,1460,636,
386,25,10,3992,1094,476,
386,25,50,3992,518,224,
386,25,100,3992,296,128,
387,25,1,3992,1460,636,
387,25,10,3992,1094,476,
387,25,50,3992,518,224,
387,25,100,3992,296,128,
388,25,1,3992,1460,636,
388,25,10,3992,1094,476,
388,25,50,3992,518,224,
388,25,100,3992,296,128,
389,25,1,3992,1460,636,
389,25,10,3992,1094,476,
389,25,50,3992,518,224,
389,25,100,3992,296,128,
390,25,1,3992,1460,636,
390,25,10,3992,1094,476,
390,25,50,3992,518,224,
390,25,100,3992,296,128,
391,25,1,3992,1455,636,
391,25,10,3992,1094,476,
391,25,50,3992,518,224,
391,25,100,3992,296,128,
392,25,1,3992,1460,636,
392,25,10,3992,1094,476,
392,25,50,3992,518,224,
392,25,100,3992,296,128,
393,25,1,3992,1460,636,
393,25,10,3992,1094,476,
393,25,50,3992,579,252,
393,25,100,3992,296,128,
394,25,1,3992,1460,636,
394,25,10,3992,1094,476,
394,25,50,3992,518,224,
394,25,100,3992,368,160,
395,25,1,3992,1460,636,
395,25,10,3992,1094,476,
395,25,50,3992,518,224,
395,25,100,3992,296,128,
396,25,1,3992,1460,636,
396,25,10,3992,1094,476,
396,25,50,3992,518,224,
396,25,100,3992,296,128,
397,25,1,3992,1460,636,
397,25,10,3992,1094,476,
397,25,50,3992,518,224,
397,25,100,3992,296,128,
398,25,1,3992,1450,632,
398,25,10,3992,1094,476,
398,25,50,3992,518,224,
398,25,100,3992,296,128,
399,25,1,3992,1460,636,
399,25,10,3992,1094,476,
399,25,50,3992,518,224,
399,25,100,3992,296,128,
400,25,1,3992,1460,636,
400,25,10,3992,1094,476,
400,25,50,3992,518,224,
400,25,100,3992,370,160,
401,25,1,3992,1460,636,
401,25,10,3992,1094,476,
401,25,50,3992,518,224,
401,25,100,3992,296,128,
402,25,1,3992,1460,636,
402,25,10,3992,1094,476,
402,25,50,3992,518,224,
402,25,100,3992,296,128,
403,25,1,3992,1460,636,
403,25,10,3992,1094,476,
403,25,50,3992,518,224,
403,25,100,3992,296,128,
404,25,1,3992,1460,636,
404,25,10,3992,1094,476,
404,25,50,3992,518,224,
404,25,100,3992,296,128,
405,25,1,3992,1460,636,
405,25,10,3992,1137,500,
405,25,50,3992,518,224,
405,25,100,3992,296,128,
406,25,1,3992,1460,636,
406,25,10,3992,1094,476,
406,25,50,3992,518,224,
406,25,100,3992,296,128,
407,25,1,3992,1460,636,
407,25,10,3992,1094,476,
407,25,50,3992,518,224,
407,25,100,3992,296,128,
408,25,1,3992,1460,636,
408,25,10,3992,1094,476,
408,25,50,3992,518,224,
408,25,100,3992,296,128,
409,25,1,3992,1460,636,
409,25,10,3992,1094,476,
409,25,50,3992,518,224,
409,25,100,3992,296,128,
410,25,1,3992,1460,636,
410,25,10,3992,1094,476,
410,25,50,3992,518,224,
410,25,100,3992,296,128,
411,25,1,3992,1460,636,
411,25,10,3992,1094,476,
411,25,50,3992,518,224,
411,25,100,3992,296,128,
412,25,1,3992,1460,636,
412,25,10,3992,1094,476,
412,25,50,3992,518,224,
412,25,100,3992,296,128,
413,25,1,3992,1460,636,
413,25,10,3992,1094,476,
413,25,50,3992,518,224,
413,25,100,3992,296,128,
414,25,1,3992,1460,636,
414,25,10,3992,1094,476,
414,25,50,3992,518,224,
414,25,100,3992,296,128,
415,25,1,3992,1460,636,
415,25,10,3992,1098,480,
415,25,50,3992,518,224,
415,25,100,3992,296,128,
416,25,1,3992,1460,636,
416,25,10,3992,1094,476,
416,25,50,3992,518,224,
416,25,100,3992,296,128,
417,25,1,3992,1460,636,
417,25,10,3992,1094,476,
417,25,50,3992,518,224,
417,25,100,3992,296,128,
418,25,1,3992,1460,636,
418,25,10,3992,1094,476,
418,25,50,3992,518,224,
418,25,100,3992,296,128,
419,25,1,3992,1460,636,
419,25,10,3992,1094,476,
419,25,50,3992,518,224,
419,25,100,3992,296,128,
420,25,1,3992,1460,636,
420,25,10,3992,1094,476,
420,25,50,3992,518,224,
420,25,100,3992,368,160,
421,25,1,3992,1460,636,
421,25,10,3992,1094,476,
421,25,50,3992,585,256,
421,25,100,3992,296,128,
422,25,1,3992,1460,636,
422,25,10,3992,1094,476,
422,25,50,3992,518,224,
422,25,100,3992,296,128,
423,25,1,3992,1455,636,
423,25,10,3992,1094,476,
423,25,50,3992,518,224,
423,25,100,3992,296,128,
424,25,1,3992,1460,636,
424,25,10,3992,1094,476,
424,25,50,3992,518,224,
424,25,100,3992,296,128,
425,25,1,3992,1460,636,
425,25,10,3992,1094,476,
425,25,50,3992,518,224,
425,25,100,3992,296,128,
426,25,1,3992,1460,636,
426,25,10,3992,1094,476,
426,25,50,3992,518,224,
426,25,100,3992,296,128,
427,25,1,3992,1455,636,
427,25,10,3992,1094,476,
427,25,50,3992,518,224,
427,25,100,3992,296,128,
428,25,1,3992,1460,636,
428,25,10,3992,1094,476,
428,25,50,3992,518,224,
428,25,100,3992,296,128,
429,25,1,3992,1460,636,
429,25,10,3992,1094,476,
429,25,50,3992,518,224,
429,25,100,3992,296,128,
430,25,1,3992,1460,636,
430,25,10,3992,1094,476,
430,25,50,3992,518,224,
430,25,100,3992,296,128,
431,25,1,3992,1460,636,
431,25,10,3992,1094,476,
431,25,50,3992,518,224,
431,25,100,3992,370,160,
432,25,1,3992,1460,636,
432,25,10,3992,1094,476,
432,25,50,3992,518,224,
432,25,100,3992,296,128,
433,25,1,3992,1460,636,
433,25,10,3992,1094,476,
433,25,50,3992,518,224,
433,25,100,3992,296,128,
434,25,1,3992,1455,632,
434,25,10,3992,1087,476,
434,25,50,3992,518,224,
434,25,100,3992,296,128,
435,25,1,3992,1460,636,
435,25,10,3992,1094,476,
435,25,50,3992,518,224,
435,25,100,3992,296,128,
436,25,1,3992,1460,636,
436,25,10,3992,1094,476,
436,25,50,3992,518,224,
436,25,100,3992,296,128,
437,25,1,3992,1460,636,
437,25,10,3992,1094,476,
437,25,50,3992,518,224,
437,25,100,3992,296,128,
438,25,1,3992,1460,636,
438,25,10,3992,1093,476,
438,25,50,3992,518,224,
438,25,100,3992,296,128,
439,25,1,3992,1460,636,
439,25,10,3992,1094,476,
439,25,50,3992,518,224,
439,25,100,3992,296,128,
440,25,1,3992,1460,636,
440,25,10,3992,1094,476,
440,25,50,3992,518,224,
440,25,100,3992,296,128,
441,25,1,3992,1455,632,
441,25,10,3992,1094,476,
441,25,50,3992,518,224,
441,25,100,3992,370,160,
442,25,1,3992,1460,636,
442,25,10,3992,1094,476,
442,25,50,3992,518,224,
442,25,100,3992,296,128,
443,25,1,3992,1460,636,
443,25,10,3992,1137,500,
443,25,50,3992,518,224,
443,25,100,3992,296,128,
444,25,1,3992,1460,636,
444,25,10,3992,1094,476,
444,25,50,3992,518,224,
444,25,100,3992,296,128,
445,25,1,3992,1460,636,
445,25,10,3992,1094,476,
445,25,50,3992,518,224,
445,25,100,3992,296,128,
446,25,1,3992,1460,636,
446,25,10,3992,1094,476,
446,25,50,3992,518,224,
446,25,100,3992,296,128,
447,25,1,3992,1460,636,
447,25,10,3992,1094,476,
447,25,50,3992,580,252,
447,25,100,3992,296,128,
448,25,1,3992,1460,636,
448,25,10,3992,1094,476,
448,25,50,3992,585,256,
448,25,100,3992,296,128,
449,25,1,3992,1460,636,
449,25,10,3992,1094,476,
449,25,50,3992,518,224,
449,25,100,3992,296,128,
450,25,1,3992,1460,636,
450,25,10,3992,1094,476,
450,25,50,3992,518,224,
450,25,100,3992,296,128,
451,25,1,3992,1460,636,
451,25,10,3992,1094,476,
451,25,50,3992,518,224,
451,25,100,3992,296,128,
452,25,1,3992,1460,636,
452,25,10,3992,1094,476,
452,25,50,3992,518,224,
452,25,100,3992,296,128,
453,25,1,3992,1460,636,
453,25,10,3992,1094,476,
453,25,50,3992,518,224,
453,25,100,3992,296,128,
454,25,1,3992,1455,636,
454,25,10,3992,1094,476,
454,25,50,3992,518,224,
454,25,100,3992,296,128,
455,25,1,3992,1460,636,
455,25,10,3992,1094,476,
455,25,50,3992,518,224,
455,25,100,3992,296,128,
456,25,1,3992,1460,636,
456,25,10,3992,1094,476,
456,25,50,3992,518,224,
456,25,100,3992,355,156,
457,25,1,3992,1455,636,
457,25,10,3992,1098,476,
457,25,50,3992,518,224,
457,25,100,3992,351,156,
458,25,1,3992,1460,636,
458,25,10,3992,1094,476,
458,25,50,3992,518,224,
458,25,100,3992,296,128,
459,25,1,3992,1460,636,
459,25,10,3992,1094,476,
459,25,50,3992,518,224,
459,25,100,3992,296,128,
460,25,1,3992,1455,636,
460,25,10,3992,1094,476,
460,25,50,3992,518,224,
460,25,100,3992,296,128,
461,25,1,3992,1406,608,
461,25,10,3992,1094,476,
461,25,50,3992,518,224,
461,25,100,3992,296,128,
462,25,1,3992,1460,636,
462,25,10,3992,1093,476,
462,25,50,3992,518,224,
462,25,100,3992,296,128,
463,25,1,3992,1460,636,
463,25,10,3992,1098,476,
463,25,50,3992,518,224,
463,25,100,3992,296,128,
464,25,1,3992,1460,636,
464,25,10,3992,1094,476,
464,25,50,3992,518,224,
464,25,100,3992,296,128,
465,25,1,3992,1460,636,
465,25,10,3992,1094,476,
465,25,50,3992,518,224,
465,25,100,3992,296,128,
466,25,1,3992,1460,636,
466,25,10,3992,1094,476,
466,25,50,3992,518,224,
466,25,100,3992,296,128,
467,25,1,3992,1460,636,
467,25,10,3992,1094,476,
467,25,50,3992,518,224,
467,25,100,3992,296,128,
468,25,1,3992,1460,636,
468,25,10,3992,1094,476,
468,25,50,3992,518,224,
468,25,100,3992,296,128,
469,25,1,3992,1460,636,
469,25,10,3992,1094,476,
469,25,50,3992,518,224,
469,25,100,3992,370,160,
470,25,1,3992,1460,636,
470,25,10,3992,1094,476,
470,25,50,3992,518,224,
470,25,100,3992,296,128,
471,25,1,3992,1460,636,
471,25,10,3992,1094,476,
471,25,50,3992,518,224,
471,25,100,3992,296,128,
472,25,1,3992,1460,636,
472,25,10,3992,1094,476,
472,25,50,3992,518,224,
472,25,100,3992,296,128,
473,25,1,3992,1460,636,
473,25,10,3992,1094,476,
473,25,50,3992,518,224,
473,25,100,3992,296,128,
474,25,1,3992,1460,636,
474,25,10,3992,1094,476,
474,25,50,3992,518,224,
474,25,100,3992,296,128,
475,25,1,3992,1460,636,
475,25,10,3992,1094,476,
475,25,50,3992,518,224,
475,25,100,3992,296,128,
476,25,1,3992,1460,636,
476,25,10,3992,1098,476,
476,25,50,3992,518,224,
476,25,100,3992,370,160,
477,25,1,3992,1460,636,
477,25,10,3992,1094,476,
477,25,50,3992,518,224,
477,25,100,3992,296,128,
478,25,1,3992,1460,636,
478,25,10,3992,1094,476,
478,25,50,3992,518,224,
478,25,100,3992,296,128,
479,25,1,3992,1460,636,
479,25,10,3992,1087,476,
479,25,50,3992,518,224,
479,25,100,3992,296,128,
480,25,1,3992,1460,636,
480,25,10,3992,1094,476,
480,25,50,3992,590,256,
480,25,100,3992,296,128,
481,25,1,3992,1460,636,
481,25,10,3992,1094,476,
481,25,50,3992,518,224,
481,25,100,3992,296,128,
482,25,1,3992,1460,636,
482,25,10,3992,1094,476,
482,25,50,3992,571,252,
482,25,100,3992,296,128,
483,25,1,3992,1460,636,
483,25,10,3992,1094,476,
483,25,50,3992,518,224,
483,25,100,3992,296,128,
484,25,1,3992,1460,636,
484,25,10,3992,1088,476,
484,25,50,3992,518,224,
484,25,100,3992,347,156,
485,25,1,3992,1460,636,
485,25,10,3992,1094,476,
485,25,50,3992,518,224,
485,25,100,3992,296,128,
486,25,1,3992,1460,636,
486,25,10,3992,1094,476,
486,25,50,3992,518,224,
486,25,100,3992,296,128,
487,25,1,3992,1460,636,
487,25,10,3992,1094,476,
487,25,50,3992,518,224,
487,25,100,3992,296,128,
488,25,1,3992,1460,636,
488,25,10,3992,1094,476,
488,25,50,3992,518,224,
488,25,100,3992,296,128,
489,25,1,3992,1460,636,
489,25,10,3992,1098,476,
489,25,50,3992,518,224,
489,25,100,3992,296,128,
490,25,1,3992,1460,636,
490,25,10,3992,1094,476,
490,25,50,3992,518,224,
490,25,100,3992,296,128,
491,25,1,3992,1460,636,
491,25,10,3992,1094,476,
491,25,50,3992,518,224,
491,25,100,3992,296,128,
492,25,1,3992,1460,636,
492,25,10,3992,1094,476,
492,25,50,3992,518,224,
492,25,100,3992,296,128,
493,25,1,3992,1455,636,
493,25,10,3992,1094,476,
493,25,50,3992,518,224,
493,25,100,3992,296,128,
494,25,1,3992,1460,636,
494,25,10,3992,1094,476,
494,25,50,3992,518,224,
494,25,100,3992,296,128,
495,25,1,3992,1455,636,
495,25,10,3992,1094,476,
495,25,50,3992,585,256,
495,25,100,3992,296,128,
496,25,1,3992,1460,636,
496,25,10,3992,1094,476,
496,25,50,3992,518,224,
496,25,100,3992,296,128,
497,25,1,3992,1460,636,
497,25,10,3992,1094,476,
497,25,50,3992,518,224,
497,25,100,3992,296,128,
498,25,1,3992,1460,636,
498,25,10,3992,1094,476,
498,25,50,3992,518,224,
498,25,100,3992,296,128,
499,25,1,3992,1460,636,
499,25,10,3992,1094,476,
499,25,50,3992,518,224,
499,25,100,3992,296,128,
